address 0000
6000
4000
4800
4881
050e
4000
4840
4881
050a
4040
4800
4881
0506
4040
4840
4881
4a08
0501
6720
4000
4800
4a81
050e
4000
4840
4a81
4a08
0509
4040
4800
4a81
0505
4040
4840
4a81
0501
6720
4000
4a40
0505
4040
4a40
4a00
0501
6720
4000
4800
4981
050f
4000
4840
4981
4a08
050a
4040
4800
4981
4a08
0505
4040
4840
4981
0501
6720
4000
4800
4901
0510
4000
4840
4901
4a08
050b
4040
4800
4901
4a08
0506
4040
4840
4901
4a08
0501
6720
4000
4800
4941
4a08
050d
4000
4840
4941
0509
4040
4800
4941
0505
4040
4840
4941
0501
6720
4000
4800
49c1
4a08
050e
4000
4840
49c1
050a
4040
4800
49c1
0506
4040
4840
49c1
4a08
0501
6720
4000
4200
4200
0504
4040
4200
0501
6720
4000
4800
4ac1
4a08
050f
4000
4840
4ac1
050b
4040
4800
4ac1
4a08
0506
4040
4840
4ac1
4a08
0501
6720
4000
4800
48c1
4a08
050f
4000
4840
48c1
4a08
050a
4040
4800
48c1
4a08
0505
4040
4840
48c1
0501
6720
83e8
4584
2fff
address 00ac
